747257000
802640700
254469000
182496700
767268200
813135900
193692600
132638500
384837000
229060700
774559300
344560900
462520000
358477900
286350600
196439100
296819800
204176200
767315200
630247500
468294500
348734000
444424400
348647800
247604700
186020300
589260400
364376200
445683000
403107300
938621600
470514300
467107500
362956300
248064100
257163300
878942300
459744300
500239400
336546500
192353700
131110700
484078100
375612800
651090700
1005813000
499339400
198871200
202808000
141935800
468962700
627415400
269471100
195863300
742217300
814493200
467984400
339207400
226268800
197425500
191665500
137691700
193508000
131386700
872639200
468073600
1840005800
313087600
192791700
129850600
273754500
216696200
250270400
182844400
1000756200
714888200
707798000
771664900
247744400
194464800
217429700
181176600
263391000
203104500
520067800
363777800
822544800
761102300
202622500
178325000
236055000
189695500
753791600
790805300
1082098300
302979900
243200700
191562900
830312900
444881900
765571600
743098800
946660700
452575300
2540238400
366108000
940330000
461671200
460014300
346315800
451108300
369050700
266869800
225998500
695481600
768281000
188702900
166460600
853171400
448666300
254722000
187194800
182513200
179692900
265178800
214423200
1014212900
752165000
210939100
188388300
874047000
455906500
1064084300
745305300
351491900
171969200
874065200
455458900
457036900
362985900
201587600
130989200
762767500
785670300
842097500
460789900
724512100
793796200
856128600
443616700
854902400
476959200
1622110300
933053000
183654900
165568000
249989500
185990000
192079700
135839200
192550300
127715000
831888900
739387100
749423800
803096800
505995600
328446900
210634100
172886700
290531800
230371300
862542800
450112900
711043700
768778200
451091000
366774600
218021800
177687200
753625100
808113000
196009900
182575900
764307800
753706800
245528600
289684300
876004500
676632700
784990600
324196000
629834400
307239800
442103700
427836100
227876000
171275400
196859300
131747200
466104200
379887600
289726900
209364700
228644400
194081200
550356000
334759400
309099500
210689400
723467000
837012500
473990900
319905500
732820700
767576900
225396700
189595200
247570300
200590100
721576700
717900700
421844900
322864300
434288300
330271200
242395800
194669700
245854600
228538600
441893200
360587000
607062000
358197200
201086500
136876100
276535500
244192200
738243300
796200000
446157700
372785200
256979400
212768300
276191800
169111400
902763800
547207400
545108700
371972400
449214600
352686400
243684000
200840600
457847000
400097800
255225000
170840100
530148900
433632800
453827200
446806800
228818100
204908300
768596100
741978500
192226300
135848400
723110100
765478900
303860200
208999300
785517900
768573300
753690900
346441800
188501400
137611100
729431200
767989700
447471500
314162200
769561700
776840700
235258700
201194400
860567000
454340800
276779400
237939600
454199000
318645000
231665900
183952400
836898400
492976000
837302500
465645600
1198289100
450737200
739692800
312829500
867862200
461271500
249650400
205914600
182499100
126363200
226751800
198316500
439951300
354309200
470646600
303723100
264505600
202726500
193267100
130590600
243631800
278542900
236102900
200195900
776634500
365049000
263109500
195746700
524120200
352297500
459034300
336607800
383657200
204076700
245404700
195657600
769517000
778752200
1244516100
380365400
222991900
131882200
258576400
226107500
339292700
206525400
898249300
562265900
862877700
467882100
551035000
398603500
658089700
349969100
464443800
378392800
254605300
193690000
225885500
142720600
259286000
185324700
442369800
353428600
442861700
326374300
459446500
330165700
302719000
208405800
464144700
385292100
195801400
128752200
216928600
170126800
188901300
131155900
823215800
370327400
228135700
175547200
440742900
318113600
1075922300
309248300
238022600
186929800
187587500
134823000
441534800
345983100
177259200
177936900
311626300
226775200
192850400
133384500
705008100
755748500
859949000
456058600
217396200
177456500
176447100
182774400
249458100
164110300
705327800
770686100
905030300
463643500
1566610700
589509000
460184000
325992000
672631900
296923900
189727900
135589900
448329000
280674800
445371800
332055100
432809700
359403500
222251300
186486900
439353200
367008300
445441800
373825900
191264000
137697300
437756000
324815000
837729100
447028900
719061900
775278900
975898700
523829900
262399400
217409200
242683100
194364700
210666500
183554400
219821600
179569600
281846200
179146600
451067900
370493000
179970800
176270700
187624200
133462300
189654800
135499200
658082800
337614800
245022300
187050100
669085200
544384800
428312500
335263900
890803500
453404100
240209900
229245200
1109895200
309705300
212431700
138633700
192330600
138229000
439140300
355341800
193616700
130567900
444712000
322596200
229460700
181893500
468179200
314911200
220251800
145177300
736291400
856355400
451216600
384867400
916570700
452156300
958257500
465299000
429070500
346528700
468607800
451007100
753021400
870496200
211745400
179848100
230526300
173292500
254644800
196844800
255030900
190710800
702915100
753211300
603082000
393019100
714708800
810064800
868771100
468939300
735643400
764962900
465686800
376674300
447672500
321171100
201391400
137481200
752149000
815786500
192355400
137864200
899316700
387942600
844189800
463294700
187607000
186514000
465653800
391396500
262394500
183918700
234517400
196211900
196868900
59589700
192082100
166707600
874283200
473132400
187420200
136156000
184946900
135774400
774356500
1709788000
193048700
161920500
463199800
472096900
229046000
155100800
250766900
212163700
476389200
356329000
577296600
349203100
236486000
151176200
236594300
192343200
750735900
780133200
247206000
188971600
859857800
529940300
282274000
184295100
542611900
412592100
599010800
333109000
251555900
145065200
242484000
172341100
239450600
174061400
193981100
124927500
261339900
183512600
570592300
466409100
443678400
410157300
183750200
127920800
222146100
161031100
456339700
394247200
1170260300
362992500
207118500
139922300
256148600
188784300
608885900
359450200
195455600
132516500
405854300
349399000
624465100
318000300
192452200
137273000
190295300
133869000
420231500
390229800
238050100
193364900
234568800
174956100
455872300
365911800
394925200
304021300
186499900
133687500
623714600
579587300
873859000
482735200
222928800
202191000
385953400
303053000
690541100
322494700
844444900
443283700
242308400
181098700
859122500
469804500
756307300
1588674100
249654100
144760700
203151700
138499400
808230000
491277400
455651500
373936800
449970100
414916600
441131000
322627000
187245600
137319900
931445400
507953800
191639600
129497300
875178200
465301300
235488900
193062000
570316400
694534100
465831800
326223500
269368600
156967100
849843500
775309700
189564300
139264900
444633600
318109600
615577600
1080928400
392903300
300354200
566342700
395702700
190790700
134917200
379431000
305319700
254179600
185990400
858390000
371400500
185783400
125908600
216378800
199902500
248091700
177034100
429800800
343175300
400021000
334393500
431658700
341263700
463471600
392921600
844032900
523170600
541634400
534858300
863142000
458633900
234036100
188190300
510224200
1153893300
393427300
337133500
619043200
398496500
246184000
176564700
239939000
189409000
448494800
374668500
625596000
401221700
851879200
470960000
539957300
318501600
279475500
192795300
186976200
134192600
477202100
365702200
186367600
132525600
479727700
354810000
261994700
203846900
201537000
135026100
274544500
166790900
274235700
204623600
1093717900
315308700
772548500
792911300
194846800
137270100
890019400
450647100
758266300
790399200
228533300
184606900
763586200
802395600
428005300
312881100
867830800
466925000
748820400
332883200
598086200
374704100
307209500
200173100
845424900
310419800
242212300
1137981100
612751900
209412600
176239400
460707100
328349800
457349300
407985900
206644200
139302800
261932400
198421500
1125108700
616715100
191244900
137789200
583613600
408690900
359187700
178329100
273248400
213145100
273440900
202214600
209456100
144606500
489376400
407520900
197394100
200600400
2332354000
512089400
266161600
219692500
182360500
226470400
251027100
174850400
181872000
217563400
337262200
216516400
541411900
409322700
505768000
409815800
195395200
137010800
247595700
190780700
207881600
143258000
497952000
410473200
261903700
187128500
1179304100
580055000
230866200
178107300
200921600
134437500
273781600
185233100
195901300
140431200
189961500
166209400
973769200
566761200
760493200
716449400
509301500
407115400
1022722600
2150249900
257188200
190317200
1489155600
1223106100
529568100
274808700
193170000
202279700
143114700
216333100
175807400
193220000
135209400
470303400
409017400
919374000
1226647700
506631600
411178800
1019308800
613907800
1121497000
613668000
256963300
202606200
210534700
154989300
193153100
141637100
556080300
410433800
714735900
217849600
233462500
419698300
313008200
400277700
305837600
187524200
215984300
1021605300
920883600
216154800
167036100
1245973400
407934800
192357800
152403700
410389500
360454100
264299500
196885500
223131900
191872900
1286985900
612819200
202728100
156796800
221783100
222932700
518654900
403037500
510636700
359212100
583760800
484057500
1121651900
512042400
479277700
407893000
267525900
157471200
215643000
241025600
1175157300
613037300
816228800
409253100
234094000
169714600
1000227400
488224100
275939100
223387000
207495100
131668100
521057500
510704600
267809000
192499100
231172900
170404500
579902200
366127700
207526000
183601200
194716100
198661300
268240600
168894700
1154683100
615300400
205502800
186693800
520463100
362818600
656350900
324698800
174037600
156317600
450694000
419396600
226901100
238769300
273085600
238691500
531686700
713426600
1022171600
611561700
314373900
208797300
493206600
320205100
182096100
201815800
259620400
180578400
246255400
196659600
247194100
218844700
332709100
214829500
253857000
186140000
455808000
389433900
611452300
410023300
251762500
176307600
237951300
189399200
1177901800
612506100
215022800
142825800
286687800
140095500
656876400
325053000
298180300
201032100
281359800
194146500
481853400
317630400
258167400
179780500
536183400
319465900
196565000
1829900400
939883600
512576800
193994100
206668600
505853500
380698300
887638900
404772100
709036200
407793800
720266500
407646700
225263000
67493500
512882200
298647500
1224114000
722052700
384311100
301453800
1335772700
610543400
268511700
138274000
392933300
272950000
187727600
146261500
387730800
353792100
389904400
304567800
223648600
200664200
414023700
261414600
324547800
339445500
200646400
140136600
361459200
361276200
442866900
300328100
720312600
411166300
404772400
405685700
707510600
411621400
169952500
226751500
201775800
142098400
675268300
439076000
485021100
413683600
170666300
243059000
666202000
394708900
321268800
382907000
406781000
316243300
219032500
206428500
469381300
307920800
333032300
300388000
319573200
316770900
623177000
300809700
227943800
64608500
434087700
301630300
975388800
488434000
410615200
500627700
310163000
1071954800
558679800
217191300
222641000
368357700
316045200
219429700
147183000
231549100
177006800
738565100
635050200
207421500
138853100
230778800
220844500
360604400
574878300
201407900
151172400
698992300
299525000
408699500
330920800
408366600
500817900
513238400
408646200
410782200
297586800
428770500
312982600
400692900
412469900
1325230700
515253900
682897900
501511000
407820000
507534600
404756300
514220800
1322388300
495545500
466617000
433056900
1225660500
722957600
206936300
62968300
432379000
311434400
614269400
411103900
439812100
562616000
409258500
398072300
175589000
198113200
200646400
202693300
205551900
140887000
452041700
518898800
1056992500
410957600
348722600
263470400
415600100
346119900
437198400
383333000
461474400
270592700
671198300
326560000
348356100
267806700
370636000
325418900
854399400
483448000
541985400
303826400
402594000
298404400
350827400
302714500
421292500
372688600
563428300
342338000
276175300
233906500
205516000
139743900
292712000
162680400
217663000
168836900
310106500
236788500
195945700
251434900
201833000
213648700
435226700
319251000
490647800
445939200
501680300
408575800
217327700
146517500
1211813300
514289600
459825100
596594100
553332600
359906000
1429905800
514958500
503664300
518848800
411519300
292804100
251256400
339008500
185771400
150055200
1502458600
713403000
491895300
444652900
1057345900
559153100
1019513600
614805500
184095300
263129000
367143800
287301300
1449428200
497708200
1227066300
581563900
373982700
380211000
746708200
307296100
215871400
223080200
469416200
612936800
197385900
138400500
196021100
186144500
498110600
615154400
185970900
155311000
213979100
135949700
452421400
308825100
189388800
143103600
179000100
191199400
491751300
510714600
819848900
407314500
406858700
299316200
534849700
299880600
719187000
413282800
239883000
287382100
440760600
309211300
910914700
477676400
430440700
352967400
732866800
186599900
442157400
294621500
237314200
152529000
381109400
319175200
345978300
408478700
573819100
359510200
315860300
297301500
417197300
353111900
322415800
294548400
335632300
301809500
403839800
362562600
217209800
144981400
201645000
140963800
383799100
375208600
880137800
446824600
208530700
144921100
1487159500
608569900
170254400
172371100
427261800
292714000
460206400
306125800
743627700
1327849800
621052800
1116479500
619294300
338988800
377510700
299628300
140201300
1088256500
510054700
815971700
401136500
509838900
306296600
463138800
516276100
405064100
300197900
200085000
273145000
483566900
419586800
240667200
241202800
842069300
400947600
608458900
408209200
405374500
411844800
406311200
322800900
683483200
895087700
403513900
516127000
408204100
706781900
411508100
723382700
236409500
291282900
642534500
506528800
351031700
722804200
501293000
265163600
400189800
306814000
225903100
245423500
393466600
310115200
271250700
368858500
517797800
602678300
462657600
167704900
1831503000
608047400
282070200
255463000
370014300
727115900
476182100
417908300
1324663800
858182100
171947000
279003300
772160600
510254200
